image: map1.pgm
resolution: 0.025000
origin: [-1.458538, -5.574315, 0.000000]
negate: 0
occupied_thresh: 0.65
free_thresh: 0.196

