image: map5.pgm
resolution: 0.025000
origin: [-7.393965, -10.483027, 0.000000]
negate: 0
occupied_thresh: 0.65
free_thresh: 0.196

